248 576 
248 576 
247 576 
246 576 
245 576 
245 576 
244 576 
244 575 
243 575 
243 575 
243 575 
242 576 
242 576 
242 576 
242 577 
241 577 
241 578 
241 578 
241 579 
241 579 
240 580 
240 580 
240 580 
240 581 
240 581 
240 581 
240 581 
240 581 
239 582 
239 582 
239 582 
239 582 
239 582 
239 582 
239 582 
239 582 
239 582 
238 582 
238 583 
238 583 
238 583 
238 583 
238 583 
238 583 
238 583 
238 583 
238 583 
238 583 
237 583 
237 583 
237 583 
237 583 
237 583 
237 583 
237 583 
237 583 
237 583 
237 583 
236 583 
236 583 
236 583 
236 583 
236 583 
236 583 
236 583 
236 583 
236 583 
236 583 
236 583 
235 583 
235 583 
235 583 
235 583 
235 583 
235 583 
235 583 
235 583 
235 583 
235 583 
235 583 
235 583 
235 583 
235 583 
235 583 
235 583 
235 583 
234 583 
234 583 
234 583 
234 583 
234 583 
234 583 
234 583 
234 583 
234 583 
234 583 
234 583 
234 582 
234 582 
234 582 
234 582 
234 582 
234 582 
234 582 
234 582 
234 582 
234 582 
234 582 
234 582 
234 582 
234 582 
234 582 
