228 208 
228 208 
229 208 
229 208 
230 208 
230 208 
230 209 
230 209 
231 209 
231 209 
231 209 
231 209 
232 209 
232 209 
232 210 
232 210 
232 210 
232 210 
232 210 
233 210 
233 210 
233 210 
233 210 
233 210 
233 210 
233 210 
233 210 
233 210 
233 210 
233 210 
233 210 
233 210 
234 210 
234 210 
234 209 
234 209 
234 209 
234 209 
234 209 
234 209 
234 209 
234 208 
234 208 
234 208 
234 208 
234 208 
235 208 
235 207 
235 207 
235 207 
