250 600 
250 600 
251 600 
251 600 
251 601 
251 601 
251 600 
251 600 
251 600 
251 600 
251 600 
251 600 
251 600 
251 600 
251 600 
251 600 
251 600 
251 600 
251 600 
251 600 
251 600 
251 600 
251 601 
251 601 
251 601 
251 601 
251 601 
251 601 
251 602 
251 602 
251 602 
251 602 
251 602 
251 602 
251 602 
251 603 
251 603 
251 603 
250 603 
250 603 
250 603 
250 603 
250 604 
250 604 
250 604 
250 604 
250 604 
250 604 
250 604 
250 604 
250 604 
250 604 
250 604 
250 604 
250 605 
250 605 
250 605 
249 605 
249 605 
249 605 
249 605 
249 605 
249 605 
249 605 
249 605 
249 605 
249 605 
249 605 
249 605 
249 605 
249 605 
249 605 
248 606 
248 606 
248 606 
248 606 
248 606 
248 606 
248 606 
248 606 
248 606 
248 606 
248 606 
248 606 
248 606 
248 606 
248 606 
248 606 
248 606 
248 606 
248 606 
248 606 
248 606 
248 606 
248 606 
247 606 
247 606 
247 605 
247 605 
247 605 
247 605 
247 605 
247 605 
247 605 
247 605 
247 605 
247 605 
247 605 
247 605 
247 605 
247 605 
247 605 
247 605 
247 605 
247 605 
247 604 
247 604 
247 604 
247 604 
247 604 
247 604 
247 604 
247 604 
247 604 
247 604 
247 604 
247 604 
247 604 
247 604 
247 604 
247 604 
247 604 
247 604 
247 604 
247 603 
247 603 
247 603 
247 603 
247 603 
