261 610 
260 612 
260 612 
260 613 
259 613 
259 614 
259 615 
259 615 
259 616 
259 616 
259 616 
259 617 
259 617 
259 617 
259 617 
259 618 
259 618 
259 618 
259 618 
260 618 
260 618 
260 618 
260 619 
260 619 
260 619 
260 619 
260 619 
260 619 
260 619 
260 619 
260 619 
260 619 
260 619 
260 618 
260 618 
260 618 
260 618 
260 618 
260 618 
260 618 
260 618 
260 617 
260 617 
260 617 
260 617 
260 617 
260 617 
260 617 
260 616 
260 616 
260 616 
260 616 
260 616 
260 616 
260 616 
260 616 
260 616 
260 615 
260 615 
260 615 
260 615 
260 615 
260 615 
260 615 
260 615 
260 615 
260 614 
260 614 
260 614 
260 614 
260 614 
260 614 
260 614 
260 614 
260 614 
260 614 
260 614 
260 614 
260 614 
260 613 
260 613 
260 613 
260 613 
260 613 
260 613 
260 613 
260 613 
260 613 
260 613 
260 613 
260 613 
