255 615 
256 615 
256 615 
256 615 
256 615 
256 615 
256 615 
256 615 
256 615 
256 615 
256 615 
256 615 
256 614 
256 614 
256 615 
256 615 
256 615 
256 615 
256 615 
255 615 
255 616 
255 616 
255 616 
255 617 
255 617 
255 617 
255 617 
255 618 
254 618 
254 618 
254 618 
254 618 
254 618 
254 619 
254 619 
253 619 
253 619 
253 619 
253 619 
253 619 
253 619 
253 619 
253 619 
253 619 
253 619 
252 619 
252 619 
252 619 
252 619 
252 619 
252 619 
252 619 
252 619 
252 619 
252 619 
251 619 
251 619 
251 619 
251 619 
251 619 
251 619 
251 619 
251 619 
251 619 
251 619 
250 619 
250 619 
250 619 
250 619 
250 619 
250 619 
250 619 
250 619 
250 619 
250 619 
250 619 
250 619 
250 619 
250 619 
250 619 
250 619 
250 619 
250 619 
250 619 
250 619 
250 619 
250 619 
250 619 
250 619 
250 619 
250 619 
250 619 
250 619 
250 619 
250 619 
250 619 
250 619 
250 619 
250 619 
250 619 
250 619 
250 619 
250 619 
250 619 
250 619 
250 619 
249 619 
249 619 
249 619 
249 619 
249 619 
249 619 
249 619 
249 619 
249 619 
249 619 
249 619 
249 619 
249 619 
249 619 
249 619 
249 619 
249 619 
249 619 
249 619 
249 619 
249 619 
249 619 
249 619 
249 619 
249 618 
249 618 
249 618 
249 618 
249 618 
249 618 
249 618 
249 618 
249 618 
249 618 
249 618 
249 618 
249 618 
249 618 
249 618 
249 618 
249 618 
