235 589 
235 589 
235 589 
235 590 
235 590 
235 590 
234 590 
234 591 
234 591 
234 591 
234 591 
234 591 
234 591 
234 591 
234 591 
233 591 
233 591 
233 591 
233 591 
233 591 
233 591 
233 591 
233 591 
233 591 
233 591 
233 590 
232 590 
232 590 
232 590 
232 590 
232 590 
232 590 
232 589 
232 589 
232 589 
232 589 
232 589 
232 589 
232 589 
232 589 
232 588 
232 588 
232 588 
232 588 
232 588 
232 588 
232 588 
232 588 
232 588 
232 588 
232 588 
232 588 
232 587 
232 587 
232 587 
232 587 
232 587 
232 587 
232 587 
232 587 
232 587 
232 587 
232 587 
232 587 
232 587 
232 587 
232 587 
232 587 
232 587 
232 587 
232 587 
232 587 
232 587 
232 587 
232 587 
232 587 
232 587 
232 587 
232 587 
232 587 
232 587 
232 587 
232 587 
232 587 
232 587 
232 587 
232 587 
232 587 
232 587 
232 587 
232 587 
232 587 
232 587 
232 587 
232 587 
232 587 
232 587 
232 587 
232 587 
232 587 
232 587 
232 587 
232 587 
232 587 
232 587 
232 587 
232 587 
232 587 
232 587 
232 587 
232 587 
232 587 
232 587 
232 588 
232 588 
232 588 
232 588 
232 588 
232 588 
232 588 
233 588 
233 588 
233 588 
233 588 
233 588 
233 588 
233 588 
233 588 
233 588 
233 588 
233 588 
233 588 
233 588 
233 588 
233 588 
233 588 
233 588 
233 588 
233 588 
233 588 
233 588 
233 588 
233 588 
233 588 
233 588 
233 588 
233 588 
233 588 
233 588 
233 589 
233 589 
233 589 
233 589 
233 589 
233 589 
233 589 
233 589 
233 589 
233 589 
233 589 
233 589 
233 589 
233 589 
233 589 
233 589 
233 589 
233 589 
233 589 
233 589 
233 589 
233 589 
233 589 
233 589 
233 589 
233 589 
233 589 
233 589 
233 589 
233 589 
233 589 
